

46977  
65346
38198
72609
25418
30521
65242
2207
30372
91930
60652
88867
94524
78700
30671
61497
99996
1767
2628
72160
95674
35652
8275
38287
94193
4635
83429
9869
22889
86182
45965
82756
33165
36669
97320
14759
41335
21007
11720
88995
54383
84811
17576
52792
91952
69543
40686
5448
78450
21149
95079
35404
6968
69928
81224
36351
97366
71049
48637
98250
5169
20687
59999
67274
87323
96527
50180
22920
57806
65434
48054
48580
76904
87800
18580
46275
78840
29942
63124
13557
22658
96770
59064
43292
75171
12453
19967
45717
89999
7560
15172
26918
20981
54825
51287
71708
28757
98129
37800
94323
5025
49456
59634
94632
89027
33943
75294
27465
80446
57241
99938
7783
89618
2269
39998
11858
65701
86871
15388
54051
10779
68591
30305
93863
31037
46452
36320
5276
88095
46753
58093
74167
42059
11994
97754
78938
96932
69466
17597
37489
31356
37907
2763
88663
2346
17444
17579
56871
41784
35886
99784
79144
336
70773
52372
65493
65529
37953
12854
34378
80679
53172
55986
93355
32830
14120
33059
48932
9549
81534
18009
41588
26053
16704
27840
40018
19496
53172
44089
35130
8880
83526
95641
70506
44575
15848
68702
9226
16855
32677
22719
95668
66128
18489
65578
30318
99248
84549
93317
49514
78502
70747
51895
49814
17319
52102
7905
21819
33285
779
70124
70990
79618
66522
35709
36705
46819
29677
6099
2111
66466
32932
66901
91150
50865
81985
42805
26638
17460
31451
31835
73961
75323
62695
81791
71247
97163
99821
11237
24277
43872
40584
59816
20558
77454
9510
45006
13605
66751
7777
93503
8952
91558
4046
39389
40021
42060
69656
57717
93137
57274
75262
34890
42056
6855
51924
32358
96437
10176
8874
35404
21809
46868
15367
67575
67365
52618
5146
55113
32634
45530
98240
75206
64226
58243
69211
51425
28879
4314
56921
67360
74317
8105
64232
87688
97458
53975
50831
6459
24532
93987
47861
62344
73647
92313
2608
95289
31620
30796
14657
96609
57104
70311
52499
71687
83414
25483
1234
61946
88880
54947
8633
89496
33043
62863
6146
48720
96738
71796
84344
37709
15834
95358
66374
54653
29126
49234
42819
90534
2912
77742
17267
36115
47511
30207
26293
33295
96223
60192
1461
96909
25370
4437
66976
76260
77907
49948
20045
49868
65459
94592
92007
17513
35403
4325
95842
72497
57378
27876
7506
70411
57335
63418
83512
75207
89076
85607
11882
28186
94768
32420
74112
36186
84947
98393
74776
93234
37588
82787
55227
22258
83102
22777
30000
69059
88212
26628
36063
37096
72768
78831
12464
54878
82052
27880
75182
86556
90421
34327
59880
94657
67611
7406
70301
91832
99166
31147
54616
78621
52087
91398
39327
7793
71101
54562
60873
77575
8567
90466
73512
42960
2128
52074
96097
35992
22926
20258
39353
62173
2684
99272
96763
93231
89487
24716
12983
52470
14817
64572
42527
53451
33477
44376
19916
9893
47649
95459
24571
93432
93051
32951
76840
86462
44755
80927
94228
564
43393
10531
4666
40670
79437
61331
10208
5868
70373
25427
94048
97284
22571
59426
98322
59908
43994
18487
57672
93757
80315
47020
17236
78395
31566
64709
79352
93476
2362
69413
2756
67381
86885
73480
5551
96404
97337
4133
77078
62245
39866
45607
26427
74932
63869
85988
67568
95244
79761
56795
18897
65527
52981
93614
89148
98663
54954
52569
43319
59644
82437
85230
37365
13699
10754
30088
67068
14747
72491
11098
25244
66502
19359
80367
8464
61958
9403
50366
67156
38775
33162
63055
50069
40076
99300
90455
56317
96346
22132
58306
93412
63164
98713
71662
33377
31913
92731
85393
99861
48092
65216
76837
7116
43134
50871
10411
72517
96894
32098
68302
30075
80029
49939
56655
7961
36848
48278
85130
91564
49411
50304
85551
70093
72298
14366
11477
55524
26293
95603
59775
94807
92107
32627
37999
32420
81390
59925
66769
6361
76313
21504
70797
36328
95185
55205
90236
95185
84263
16978
75120
68301
4344
38618
84865
54377
10981
3725
73764
28738
89993
5002
41475
28930
89130
1563
79821
85195
50213
53649
17665
93341
11418
15352
51141
73010
30807
66190
87342
26323
38412
44227
93614
36745
24768
87848
20591
93080
50296
75417
96412
40293
8461
96229
96658
38170
61100
40018
78377
30908
40071
86084
19694
4239
45475
3237
73899
61224
99697
61314
63259
70516
51710
58451
45500
96602
79550
69849
47370
82443
39831
93762
10439
85405
85287
31489
7534
62653
1302
70400
11997
60858
56948
74307
51500
53060
64324
78737
81990
754
39425
21135
56756
74320
80483
77828
76241
77266
96022
86728
43764
75684
8112
12549
86514
70125
35282
51790
5312
41468
56883
83094
22441
37039
75496
14864
31441
94031
54377
2565
25020
79723
3184
76703
61350
74201
15137
2187
65952
72222
3867
87507
5264
6402
21830
29548
69410
65167
26191
77790
68265
17852
55853
53248
10176
66820
3733
95580
22696
41439
12697
10402
29507
88479
52015
31576
5738
63393
59730
21777
66815
7533
18740
86159
94661
51065
12724
83180
80698
33515
11925
74199
41022
71078
4415
28047
69348
85190
67916
56568
18271
78276
52611
41965
65423
5876
86418
52292
47192
44795
58437
40859
57468
15053
50836
53988
66450
66002
76201
92277
56378
66667
75323
21827
2122
95685
42229
81697
70830
15011
31171
96785
52939
76969
8002
39667
50746
15469
16439
20978
99045
65854
9345
42512
67661
34558
11399
7428
98411
69188
36180
49567
61922
16454
11821
62793
92592
91991
65364
53086
62267
50426
46609
31852
62265
58552
53241
19454
30609
90799
35201
603
58266
39798
53274
19388
89820
57108
25146
71190
62579
75643
31530
37913
24367
12094
54289
58023
10286
45832
73184
50344
20392
40735
92776
91635
49406
34577
7408
64060
71555
54853
89281
90700
33761
25839
46459
55966
69574
63667
85568
15956
18436
35858
20015
38656
56761
48920
40840
14345
73516
44731
61025
59236
80398
21550
20436
55785
37799
94475
54229
26996
73509
66545
24404
9576
21686
35253
99552
29956
35109
28975
28661
33961
60095
4742
25300
64105
7826
79741
92346
51674
99418
38929
82550
23180
5287
41981
46961
6461
26793
69723
93027
24137
77532
57701
34790
8848
59403
58046
38965
90844
52558
38057
63288
5216
38678
89299
18347
28661
39916
51294
66345
69682
80238
7923
33165
47636
28485
56592
32890
90178
66906
926
14415
59848
93619
76168
48642
46282
13555
52401
18530
6606
60002
62144
75427
20260
7407
25649
49873
95880
46007
89933
71224
50487
25892
50261
62749
73792
19282
8872
69779
2250
15936
51213
37388
13244
86323
6558
43029
610
3172
41902
41659
9533
62384
66255
33831
5133
19780
63349
67502
44255
86776
19839
15164
20516
67026
63394
50765
54009
75573
85816
14477
90770
3162
8520
12910
15259
52055
29192
41324
91815
30405
77000
67401
52067
58525
20629
28813
74204
85273
48423
6406
53329
97376
42522
67823
77236
85244
53391
8301
13301
50537
74883
27163
62059
99457
2777
66087
18462
8945
17758
2118
80056
19802
36201
8570
93403
91661
2072
61746
38889
46927
45635
85569
34438
82229
82070
58435
82729
97669
14639
29898
11382
90229
73270
79372
7045
20305
86624
34779
94923
20147
14772
74389
25435
4250
30981
24477
1808
19113
17367
97178
65274
58858
93986
32684
63727
35429
90271
42866
5563
44950
57534
70591
94315
66086
92149
3432
32550
81813
63743
66370
99232
19926
2906
6296
62624
55404
73544
60828
94346
74304
92337
48701
64719
28518
86380
97785
56798
25027
71827
17539
85693
77824
77549
32356
60295
89129
83099
69616
30757
68315
69897
15476
89720
91784
7625
83756
68864
37405
88836
27679
83160
62374
24234
13564
65157
68381
642
50274
21414
93834
39898
64672
89871
92115
71412
62641
75107
25649
70129
96252
62538
59962
51980
63090
95381
44708
73018
39513
62321
70459
44710
27429
10769
79495
75672
84285
48244
7167
620
11436
11786
65047
43977
20778
60513
13009
37894
33951
96505
44103
330
38300
53569
59219
71736
30561
31807
86192
19095
63582
68880
35026
46075
49916
98433
31723
81629
31411
45711
76786
15629
34804
67576
87481
68984
7756
64243
56200
21448
95339
9238
67542
99068
86858
2128
80147
27179
50786
225
32684
38603
12675
32285
68314
85774
86514
36943
92532
55457
47759
48576
2458
50334
6860
9187
32546
39075
61107
62307
2421
88718
20780
10821
41911
93385
94155
40320
51497
61105
51534
11867
19534
90575
19015
90804
74763
18550
32699
4156
53032
77363
95472
54329
42956
63696
88906
14595
10432
79851
94886
9096
18057
58821
13773
69158
27989
13785
67494
61782
4088
5149
40710
942
52006
38051
75329
2759
14592
55212
94132
65894
95516
63379
56108
45910
96301
13568
49460
21687
44886
45302
7406
32841
66655
63406
58184
52638
29367
84383
97160
71635
89984
25071
43039
54892
76138
24667
65360
86783
73835
51787
12939
44363
706
21664
6580
21949
361
80701
12078
67953
35191
95192
74658
5738
53339
5741
60387
77181
97075
24570
59727
24518
6709
87005
12378
26774
92193
64960
51945
55804
11467
58110
23541
80257
46057
74455
68353
89823
6662
47339
39963
63370
82367
9133
30227
98115
20675
51663
67928
39974
14133
33916
83115
75364
30444
71932
58291
61378
3698
4177
66283
61130
75234
13140
59426
62087
40668
96403
29406
19012
77788
77671
50032
44000
80005
29560
93401
85790
11896
8401
24069
78970
87500
53021
74888
81123
31678
39900
52127
20860
94515
75515
2601
1900
49832
6724
28883
17245
55812
81490
57995
79535
74727
9481
41643
15439
12771
78343
92435
82538
89373
5100
75788
6437
69967
4849
19311
33121
16285
3193
56511
64746
7319
16929
4008
54289
18762
66165
49772
52903
31429
13942
61826
27794
4045
103
76553
22425
59638
47335
31512
85092
12151
2252
71429
14480
92392
7723
90249
52436
8975
74787
18578
1362
34156
48301
35498
56781
68301
65558
62010
57176
36767
55206
15422
54158
66624
94610
80703
52707
73536
27379
953
39722
84442
12100
67647
53956
37951
85356
77208
9700
58301
8155
20885
96419
21574
3396
71116
488
33237
45587
16844
94668
59007
11697
62035
24122
67233
60129
81055
36146
75070
38296
41497
4701
44317
83470
90730
78864
20934
96326
3577
42127
45179
41471
2393
92843
9970
5002
61273
14709
66470
71327
51035
90015
6919
83311
64272
9923
34641
67603
50623
71352
47248
48529
94552
71736
22643
71806
8527
72771
1148
27357
53735
20337
87510
56591
22409
31976
1575
16606
49046
43502
2094
25886
64371
9651
26065
10903
3575
14815
97454
25236
64146
30853
85277
80405
88035
43839
62857
59749
32135
48411
19030
22959
52151
97432
97038
38639
44985
83275
54408
75766
92601
33972
24738
20176
59201
34484
35884
57636
59421
6010
95067
72594
80128
44999
32056
34148
79301
28994
24298
19266
73097
76212
14228
1689
84880
75901
87248
26990
33473
44355
25078
77780
18245
20086
47065
24045
18253
49413
81987
83343
15835
25385
58856
84539
94126
22635
52244
91006
72737
46700
54040
23998
86871
9657
27791
22196
84617
77319
91077
99928
61078
28832
36524
93009
59919
25814
99811
25390
56365
85609
72086
23326
32120
39140
26215
63004
42542
5395
23572
67369
56438
76369
45271
37066
35575
63357
75698
77299
71510
4988
47148
20704
18670
14785
31857
85493
54480
70595
80247
3526
70239
68678
26026
62267
10846
64961
99188
78682
29745
9333
21220
38874
17207
69332
35953
77229
56463
99802
89886
13771
34014
70590
57048
29276
1041
22348
76347
85171
22100
6276
71996
25022
7416
47081
35825
69660
55430
45039
66326
80677
81029
50871
83607
77442
32665
38068
79628
96394
99797
74211
61057
77846
93619
43815
18547
52930
66267
89430
70631
79881
39398
75403
96040
10205
1106
78523
22725
88230
95889
36580
39761
30368
81159
46214
79163
58022
81325
18979
70625
56511
8755
57214
64464
61217
29340
79114
97321
43103
67526
17113
36109
12219
6071
96691
73960
95344
82506
27371
77790
32230
27556
22556
8559
55692
64363
72754
53989
34058
69430
59297
7751
88035
88218
63016
44311
72243
68796
25842
30228
20341
75742
64059
62648
3274
84736
84799
9630
82278
71911
1935
76106
76649
96568
30102
97779
8150
82444
96248
83528
51612
70091
96488
27889
83094
605
20875
12269
45661
89717
94415
65975
28152
67918
23738
57
86467
8991
97853
54603
80530
63490
64994
58963
56838
18204
59198
59489
67760
76741
43598
47508
23746
95444
31520
59979
58652
6328
28607
25349
20916
4866
12844
86229
81161
12248
67000
13574
33502
57158
82947
54758
57395
98071
4746
81437
47563
19993
14067
4378
63061
36626
79567
96283
57496
4989
52082
28045
10574
36964
99207
28613
41079
81135
10707
28589
39957
39804
34076
27480
52612
34765
89692
11381
97123
23599
91314
7277
72520
60485
4458
68969
76305
97886
29399
30646
74892
53603
88517
27054
83707
42148
12745
3929
34073
45130
46874
10801
28333
57062
62032
95257
25421
29251
737
46323
88232
424
71171
14898
95433
85359
86995
1496
29083
32023
38114
85002
8417
15568
51746
22369
69490
68016
73646
46692
8281
28713
62435
26233
558
84077
95952
43100
14235
4963
981
26840
81150
1727
81025
8254
26312
55392
27342
36702
87443
13545
83871
27224
22077
52224
40670
88650
96165
49006
72454
93113
33119
28690
59352
23465
73879
54476
95785
83733
50743
68932
49571
64115
34159
91111
23604
52789
26064
45618
87146
50683
32674
30253
89349
39822
85158
12966
25797
8573
90577
60874
84919
73043
59779
76706
39618
83947
48628
60236
29215
20674
18709
77067
92540
87077
17508
38145
80807
1003
2183
83260
75844
44760
97141
94573
23077
55004
2571
48145
56989
27621
53448
14839
11840
68135
87928
13220
78812
76208
18146
58594
54217
73016
37773
86753
34106
18552
53073
8182
57948
12522
30347
60415
1450
81506
81288
51846
51403
20579
39185
66392
69327
95670
82201
97711
31686
53842
16688
75115
16415
595
35502
15763
47660
32750
84363
91952
47987
27791
97976
25299
89017
22442
47075
13176
17082
20271
4837
99017
99181
54807
32422
95456
11507
36517
72171
27559
81390
12905
99855
58290
40616
60068
23200
46346
8875
59807
91898
99282
5417
2489
13124
50855
2028
21272
95448
84276
2888
47140
32747
53806
77562
67800
18924
10301
16662
93548
97283
58297
54974
60268
8962
29967
11956
97843
64624
47940
47339
93540
53079
57143
84970
84145
40412
23101
83839
48335
36160
59276
25159
94836
10500
42909
26061
39769
89419
21532
48429
21448
26413
28082
7246
10870
6595
70580
6408
65321
39848
47700
92907
97848
97167
15357
47114
89199
49245
54968
3853
76507
46211
5818
379
62868
8608
72173
85226
49662
76142
45041
16258
28464
91324
27216
43444
23442
64975
1416
12070
33109
11680
74313
70505
43073
70384
19203
7429
44456
52646
82486
17932
52005
61521
22622
82262
74259
69036
2005
24638
24712
52871
31267
23538
2674
7451
33030
31809
82985
89255
87292
44985
77399
45542
2152
37555
64346
31877
67000
15419
79438
38020
31559
95631
40232
2285
30476
32103
90117
4503
21854
6453
60787
79263
89154
63973
90193
35884
79984
37095
20567
38782
78371
22289
46094
61560
31186
48784
47995
1755
2199
88610
27928
43963
24112
76250
36974
68766
19653
28884
9007
88468
45552
16360
1923
78750
176
85380
96005
64484
26182
92536
27010
80295
50472
33968
3270
83725
90089
15317
48627
50445
97064
89718
10832
10608
83814
41267
15776
54222
19256
16820
51157
8785
13613
17861
54477
43805
69106
76389
10354
29704
28655
47670
90767
20002
51373
10674
31093
44660
51210
80230
31372
68702
20876
99406
6102
24786
58543
3689
57813
82464
25000
91004
30685
89848
3970
284
21478
14729
95406
58278
56575
87514
93758
46373
62708
27671
24033
43162
47720
71998
16139
2385
73148
99309
3168
3550
59778
45461
11487
19249
69114
46492
42241
9877
42194
4291
26316
97798
2593
51768
4681
73316
64820
2772
53307
10925
35509
69481
83510
39626
13793
99609
36648
31548
23190
8682
28166
20066
81681
85089
79303
12060
78281
29932
58528
68024
40660
83866
71448
87286
66089
8767
9928
50636
69172
94571
70300
7107
85964
67613
57098
7139
68863
84966
94287
67465
39002
92252
37873
6421
93100
77041
84846
589
40433
64113
94369
57967
59369
32285
31785
40202
4496
84556
25177
34209
58200
91878
66000
53373
82704
89187
36499
24180
7773
53531
62574
31662
91295
25514
48110
30926
64724
3617
72495
43895
64848
78066
18022
70704
89395
84534
55392
45308
35939
70218
21256
10849
48992
31266
78196
33348
65371
48472
79439
61
32323
7594
74025
79265
14121
81999
71495
51008
96249
38128
85108
40048
34741
3662
33532
2676
8091
95696
57647
18457
86226
90238
59370
83245
9077
90117
65973
43219
90792
81544
28006
2554
98887
39540
40400
1572
29761
95322
86040
51650
11844
22912
60002
79206
83430
97933
14422
17797
5338
92277
43231
62502
15348
8945
54136
45452
94541
42031
36158
6593
26222
78111
14507
96467
41666
3780
28310
91963
56358
67414
90315
80491
21230
42188
39420
15600
19395
35889
99520
64586
37653
37851
1960
3312
10696
17925
26430
10162
26198
16087
99772
17914
4128
22471
97108
81767
70158
11806
35100
32397
76393
42978
85810
2632
27805
55627
47529
29120
34070
32759
82216
40846
65423
39270
53721
18233
49549
47764
50111
7353
81848
76927
26283
94080
64682
20074
33627
2880
3824
25637
20082
4488
92465
59991
27155
99686
18108
56903
72133
37573
59288
8619
82028
74516
50492
80366
90733
23327
68772
7374
27277
67417
58558
55320
19809
67068
35543
26315
64074
84727
18003
31679
64379
74473
45527
55461
52431
41695
76330
62821
71528
81926
85078
84726
62806
2793
17837
41546
9893
53721
73604
92966
39426
42135
64351
20448
15620
61967
32058
82167
6163
60536
5984
13761
3098
93514
14741
35543
48174
27877
48074
29900
61464
48328
51764
70417
84887
15063
63120
23398
73666
89405
37332
37625
1211
14278
19523
49294
49273
14789
58931
64902
51708
48603
97922
40092
90982
7708
53517
75274
46341
30518
52402
31993
45299
3676
5234
68243
43899
36274
85175
19357
1808
36753
34429
31221
69514
34022
1782
44681
37750
16789
573
13237
12382
13350
75906
57457
71753
71494
34214
7239
37185
11695
54957
85561
7339
37119
1210
81370
46644
68287
73413
3729
67775
11979
92331
30614
28417
14703
9943
8716
45523
71699
97896
51377
62850
3030
30003
75365
91326
66406
50765
82103
88081
11246
4701
8240
85026
95696
16138
75524
74414
2631
12048
31842
9957
61935
18603
22302
66819
97627
79798
83283
77515
3169
3608
27864
70720
46379
84019
60873
22467
70932
43947
16820
74744
63723
46307
68862
45422
87695
71136
72521
35828
63636
32083
59274
32169
92507
42165
75977
55486
22907
65093
66252
32729
34642
79891
64488
40059
81592
13153
96963
89445
85375
11899
39708
78549
59221
2654
12307
47503
2699
87212
78144
56578
23061
534
19695
2973
44267
89396
14881
22255
77504
29946
48204
66244
48183
39864
74803
56328
85205
32343
6491
25719
1790
77995
81509
601
8445
48710
14948
31391
49577
33399
94721
49393
61673
94932
84133
65902
39282
45946
73744
90780
3299
88894
52042
84796
41031
62621
18958
34048
1118
9586
49876
36154
50266
37246
60438
10587
16086
42827
20762
2128
12914
84049
46913
8615
11310
80025
25952
80461
35459
81597
69646
49596
64294
93588
82831
99084
61859
85811
87563
16306
75210
40403
12865
21712
62660
83240
4787
35229
93832
73190
88634
31634
11548
45741
5712
94136
34207
23887
47842
81100
83109
31559
76676
84875
25872
88225
29286
16988
95178
8911
35091
50368
97745
55405
11477
92024
25088
72636
56518
29182
91079
41398
27021
21936
88468
51460
73215
30686
39443
62055
44785
29440
72743
32360
76408
92982
22001
73476
9713
48768
11285
79303
33093
27861
21561
13588
13376
97360
64589
23052
44790
70455
9635
34510
2779
38566
31328
9761
74709
15034
42795
19583
69880
10475
25239
19202
99595
55958
30966
57463
12119
60129
84091
40276
93794
22817
18214
89402
84837
10183
30855
9035
76276
25111
78718
66998
48204
48556
22846
39663
66236
26265
19915
13362
44259
76148
55601
16171
2133
48236
85279
1377
47703
85232
13732
72657
9014
1681
28600
61162
88835
81247
30315
89377
4000
89259
37668
95367
90732
83072
50203
60482
23283
74375
12317
16523
7246
50159
48629
3160
3305
89523
31007
85315
12481
47843
43992
48854
13631
48100
90558
32563
20059
45294
30831
35781
18105
95808
54995
7654
68274
29399
89655
94371
55822
75257
51135
62324
7428
91346
76391
27933
92306
5693
41895
53204
9096
67291
17636
8298
46161
93391
76610
16369
78308
22681
39970
50510
91395
13801
41458
96985
58540
58389
53432
38294
77601
7075
63547
84770
31533
12725
8687
86598
99282
91017
90839
16811
95109
22328
27240
2802
7913
67258
33734
35191
50125
18064
10205
93841
21130
87030
93890
1321
99644
54420
95122
38853
57395
99104
47426
72902
81372
31854
41117
23160
703
66502
2959
76288
31662
11415
16618
89107
29896
82776
4867
13931
85203
309
63315
51955
21898
39876
35128
22781
266
26272
60900
69084
65587
42321
32609
71796
56747
42828
93398
20362
90956
57900
30893
79485
64315
4558
29199
25415
92512
92456
64307
76018
83768
14922
7428
22374
19085
8959
57725
10844
99786
24403
44474
15554
10764
62538
80390
16455
87450
40068
98098
63283
71899
53884
13380
50006
37821
66357
43906
55932
80258
11352
61613
23871
57875
98185
87419
33962
65186
62981
60230
33890
13298
94502
20146
2223
65115
75423
66903
70438
45040
52786
93527
78213
6186
49190
28760
40889
76541
43124
59928
70177
81411
80674
18325
57818
61208
33052
51655
80783
67355
15491
39546
320
5235
48599
73581
95379
41492
36003
42236
7737
80186
88220
68123
92953
66242
49693
43806
8579
10866
70365
63449
40644
94384
84983
57088
904
51986
92863
21087
23104
54069
99466
41093
8045
88136
40337
79432
50912
74733
68288
87162
73310
37690
36774
85904
19401
66389
79747
12391
34090
18831
80618
11621
21904
28884
79195
88920
43058
15119
87822
83203
30419
66127
50682
13506
69077
95710
23849
37684
83249
16687
9386
84121
40976
71086
21435
79945
14090
97625
99254
49970
39579
62681
40377
36565
1948
30912
62944
538
28323
48568
5130
92533
39596
89527
30724
4295
88391
11913
5487
57685
72116
63792
61136
96541
27181
94283
45696
17419
12877
39097
45669
78335
85644
55471
74517
45117
17171
14323
20952
33326
6747
4777
23087
52911
71856
48467
72752
79687
88106
67717
15614
44298
11960
26103
93862
76788
19583
47256
26054
23922
94984
85402
31249
80630
95572
98886
61510
48832
20830
78568
56090
17102
7994
29159
9407
37425
61642
34723
8832
35568
5860
55512
90412
48576
95016
58371
40565
34567
77402
13159
6753
37466
90493
59001
58243
30611
78983
96148
30403
5472
28541
49420
60764
73970
90704
86888
1818
99254
89502
76957
59606
90945
82266
8894
5834
81640
30966
17419
82949
91805
59282
83866
86932
64912
58630
18648
21688
46905
79125
55836
55581
7471
48114
90507
67554
51291
62846
14763
7302
80762
24278
25967
33041
10670
96916
95618
50476
3839
35518
97719
10783
19845
78879
8433
79233
69569
33398
75217
38552
87520
58756
47195
28022
86717
59664
29367
43521
33940
51977
24260
23544
66818
22836
9216
70972
21107
50180
24550
46078
64816
22176
87873
81280
84030
13927
61229
55849
97848
51237
91158
1536
2998
65449
93043
87638
13315
94584
1444
67137
23480
55198
12204
96062
77593
78363
76725
36702
59701
41823
95844
53637
46673
85526
39465
71846
12478
67753
41746
77825
45765
266
62679
20879
54367
77065
40809
78837
5366
2567
23085
19668
67330
6281
23073
34832
21014
65736
47423
85436
91144
26411
69945
69383
95253
65034
96023
10773
58110
96802
68735
84055
26153
72389
52410
96907
37254
86653
54501
28530
4506
84242
804
69077
35043
7134
61975
88401
35902
79533
46526
51572
88409
97285
97983
26296
65245
19442
57825
78649
65436
88659
95210
39295
88111
67408
97015
34125
12100
74639
65012
62076
44488
15398
86337
17891
201
7144
31464
79666
2191
98448
39649
63873
71181
11760
46177
12793
55328
86974
86427
3959
69473
18159
46707
54634
98703
91650
14797
78963
61950
62729
82134
15956
48360
49303
408
46636
53543
91522
1368
81573
90290
30567
61498
89735
34443
37789
97749
92421
39276
92856
68296
60717
724
48814
62570
77859
40963
88769
59658
64267
54512
7228
65073
92578
2033
28666
52573
23127
22378
76865
42344
90670
81208
4799
37335
14892
37974
99007
77710
60102
92515
37606
91660
85257
95738
60765
52223
87059
16609
49953
56651
35104
77477
61506
98413
75184
6324
4626
71943
34906
11000
25706
25532
98407
65563
76398
3875
21993
49149
74436
46645
25112
2304
51387
54918
19310
6339
18015
17358
88704
36370
75498
8981
80859
43127
70137
4993
56358
86779
93816
47108
44326
70581
40964
14502
24224
33774
87729
89275
91026
15590
54623
89487
92645
48475
10401
86653
65911
41394
28997
27973
61691
65620
38708
78100
69753
99487
73922
72173
11816
80565
45809
38494
95347
1145
85615
91377
90524
18478
70372
26125
59868
85318
46658
65126
1048
49906
80031
36195
35645
7945
16045
56059
38741
13370
93182
77558
68785
93093
24627
76506
66180
12704
64670
20176
64302
38306
21496
93589
17906
87805
86210
3328
95471
28753
74310
91637
20922
4441
66395
37421
39807
93770
49998
26443
96623
87049
63478
13266
8475
67944
79798
90798
85157
23232
35573
70172
42043
87314
17623
66098
9569
15004
2146
64605
75362
42533
86589
16242
14647
26260
65964
96570
77023
15025
39895
15598
59285
20956
6277
42775
19100
74121
58130
50634
60432
65134
20418
27034
88060
71876
19316
88463
24949
48850
20962
54635
26740
11095
17412
7326
61514
66171
54567
99002
25947
36481
33373
6315
65898
48504
18370
72470
19746
62327
87140
82723
30716
78994
83472
53756
73223
50279
64140
39940
81674
22915
56786
28306
93528
28988
69766
70803
53968
76193
25625
7694
74038
92343
51618
69764
58335
94808
26342
25146
81031
86716
21390
7366
72055
50806
938
35192
21870
37964
63617
2055
83969
8006
19124
59016
13412
42550
83526
31980
35813
52700
28532
57856
75429
51427
26435
54682
63000
87714
70081
53401
46523
5210
45488
76581
41351
79484
76974
58453
6518
55319
94217
62947
87170
16093
78579
7603
72135
9733
17322
21904
96250
11070
62179
41771
57879
22635
54768
88252
97850
59504
62679
58776
73735
68465
24317
3903
71780
53489
80197
24863
13424
32517
37408
32707
55201
89392
39313
52168
44758
12961
62489
42288
3795
91278
70910
48843
58493
85375
24392
26689
49801
66942
9647
66029
25308
38635
79469
45623
10175
19536
87121
17784
92440
97087
19940
63767
26847
74726
70150
8143
69214
52599
77801
52638
97558
93460
71498
16569
58618
12083
36389
96210
23793
85511
46083
57817
83670
64177
77255
86967
54549
32051
64553
5428
70629
30108
81923
51092
37517
56605
34028
33935
31269
77230
43254
70429
11293
38400
34708
17966
12238
90674
31506
91896
94442
9871
68308
49882
72672
33915
22306
38708
46779
2906
13933
9312
5559
6678
28779
50576
51564
52842
55047
72339
93007
97244
87602
30903
98901
68633
54892
64474
44638
9186
3838
46089
83151
12095
67865
96882
69523
55692
1485
96601
73646
39531
53023
50574
24514
69639
85512
20176
88420
2417
10237
84661
65074
46335
71410
37169
17095
46442
62227
27296
25691
39902
23887
83121
18481
84316
25
55332
28384
79797
74496
99832
89555
26719
54539
27645
49158
34318
20439
64132
82581
69693
28544
92511
38121
592
20983
17723
74930
10872
30638
7621
48321
80905
23661
35942
95195
88602
78020
40401
40430
13098
57556
75986
58804
38317
23017
45544
94041
2618
51140
13943
18252
96392
86421
4785
3125
11097
36405
17015
57922
35461
29042
37858
45984
80184
79734
9078
82733
87476
12601
30361
7468
83053
86529
208
10107
64319
95544
7000
4151
8959
41832
42468
64700
8785
6024
62354
41703
33701
21338
38429
11111
79725
23587
78699
35090
54481
32832
187
62711
4771
68498
66767
42484
26824
70605
53985
2659
44908
78054
24161
19457
12419
93237
7120
49419
45481
35136
58323
43208
34813
90251
70638
77245
49735
85200
28669
70233
24014
61636
18071
72042
27424
77393
61859
27917
77252
88901
38521
3476
68711
34596
81569
55765
35325
64021
81951
79087
66063
53133
44350
60403
35938
55962
99303
98771
75984
16855
31002
26441
75335
18216
55088
65201
83294
29467
78227
69065
92881
68562
48667
98389
14133
37416
89796
68966
95769
23353
60137
92845
64508
60633
780
56447
51451
18303
17070
34263
56981
95836
57276
6754
41446
91104
75743
34669
72526
90864
92019
66080
72931
53356
86971
53669
79865
80948
34899
19322
59773
47539
18884
61691
975
95653
48746
10395
91696
14473
99978
86643
8134
96260
1108
76434
36424
40207
78060
92337
41184
99608
4012
38964
91827
22310
75304
20412
3154
96712
66689
24551
58411
89380
19408
15745
31128
94155
55418
98031
80756
52220
26250
18933
88560
99880
94044
46075
75056
16026
39088
67849
99343
44581
49118
23361
23262
97424
91267
61782
64780
82556
58157
1900
66450
11662
84620
80695
79398
47998
2468
56693
86700
82034
37243
71760
77013
93834
17291
67574
29712
26570
90414
86075
13537
98903
67183
89405
67271
7520
29974
91580
71105
3326
99726
26094
45972
87626
55050
61570
94387
69887
4576
83867
36828
97610
78296
99849
89775
70525
46953
85380
60735
22734
60179
1122
47654
96476
8228
60164
80398
46959
26011
15314
2441
20900
69763
62193
4386
91709
9566
22861
75920
32528
2422
64376
39317
7417
21986
94733
74429
28632
89283
83585
40778
80811
80605
33137
5567
551
86643
3443
67458
39922
12346
41450
74804
64913
74870
73339
60676
11561
17595
60527
29844
88690
56088
17826
41909
15416
38193
86289
96828
62957
17420
76985
94090
12829
91703
67346
43671
35860
17321
48490
65665
16735
9080
22603
65104
91094
78787
68188
65235
40910
25813
86703
64800
48780
17948
52868
1117
98816
18693
38376
64413
27108
93838
15139
49282
92242
12852
74863
82909
46334
78184
29563
91522
95102
28690
2750
94911
51505
39012
73447
95147
55100
78390
10513
5457
7345
50462
69787
40860
41400
88866
40139
82217
72826
94123
90947
80768
88713
66049
41288
83137
2086
46063
31877
61066
1648
22619
21403
79593
20802
11785
34026
62195
48792
35383
34911
54285
86705
97051
75129
81972
37938
88046
75914
57857
8585
1972
56262
41959
7143
79023
6815
82080
46359
77434
3458
83644
6098
10129
39031
87814
95751
66659
38851
63553
97536
40277
52671
82742
54592
29180
8564
10490
63819
74091
93363
78068
21986
85809
37510
51311
16315
74873
5783
65385
52815
67714
83230
58638
55986
66448
84540
56663
40661
61137
82556
52799
71697
32560
53162
86400
73223
94824
45388
99667
49100
89080
58199
51613
3425
81119
79388
59278
89228
38118
35174
96794
5079
3594
97383
80380
94672
48424
13502
24869
46778
79009
97500
38475
34157
5067
20942
4200
28453
14865
8331
57092
65978
97259
41505
52306
67411
17306
10270
18598
6805
9969
42163
56393
26993
83149
91706
21996
66489
37788
12235
1721
1048
91475
85960
92871
91476
99015
88526
98513
2702
67175
16508
4733
89316
86728
28425
63805
62224
2418
75851
59005
91087
89706
84175
9504
9613
55119
29952
10069
88913
32586
43656
13959
99491
67736
93666
80168
5363
6418
23854
95537
19926
67938
36751
35472
61652
53590
42017
35672
48894
75296
66022
39624
79582
55957
48354
39230
2663
711
17399
94078
44724
66374
49659
36607
81549
46431
70418
41037
3416
38031
35579
82312
75470
88388
1229
2959
73132
47085
535
31487
31691
49543
72809
35392
67702
23760
88444
94366
12226
6882
92937
98231
31237
26259
24763
18160
24323
10652
19398
83890
75387
99360
89346
13179
25508
53864
19433
81731
56425
25543
5342
38789
39491
66853
78128
6811
14228
82062
12174
39613
54313
84780
4303
14856
21827
90675
35759
59991
20113
58168
88656
4340
2701
90588
47953
96371
90841
89448
19035
67811
53090
25649
44829
46680
50363
81307
64813
41284
88374
73811
42261
87284
58853
61831
31443
39553
23538
2953
98995
11695
212
76178
48896
45182
49166
8198
7029
21090
10836
50347
55857
94945
40169
86448
4113
68587
51576
18288
32019
609
92749
64872
83596
42392
58224
41563
95061
17328
42757
86599
7416
18851
42877
76638
76753
27263
89164
60806
95363
37067
33911
25869
53603
86814
795
45150
74560
46070
12536
19250
15395
51904
19008
69187
13447
21293
36957
60815
65496
66920
31143
39850
46469
50599
64809
77863
76710
14417
93410
1691
2853
17731
67651
23868
6524
39284
1593
88227
53605
56202
69575
15979
89993
72165
61860
89170
60578
59563
94489
58934
78899
28088
61088
1255
60666
98392
84046
56348
15102
68811
1562
20553
39347
54821
83554
63748
58153
33939
41670
67255
90756
98043
33644
46665
14811
34419
52702
12885
12158
7267
93375
73833
44711
51091
65006
77336
23659
81266
50865
45497
5509
15700
73352
1892
87562
99131
99314
86524
26899
97863
16776
45
88718
39885
28385
89031
70980
29342
9251
17973
36076
59956
41366
38039
31321
1348
32892
42602
92861
40672
25923
71190
21617
74415
20966
70760
88518
95547
82009
34447
26141
33433
29055
34801
81446
10622
36540
89928
45485
6124
18701
24455
5859
99452
38219
32053
72538
88457
73731
19875
93640
38180
18445
47464
38283
89668
58044
54344
41583
3148
96593
40624
5820
36556
23984
55910
26155
86593
83594
8609
60692
25889
86952
50801
92095
52985
38913
1304
95029
25872
76425
29148
76215
94153
77717
59735
71705
42221
78056
47965
14048
99085
19934
81495
73201
30888
98596
2346
9723
81526
5610
54415
16742
21349
1886
28707
55810
17669
69722
17063
20986
80640
50933
22533
30397
94056
79910
25528
94851
21753
34782
43494
3345
31528
45636
33315
7196
73083
92706
2844
85004
92672
97011
81505
37821
3592
84136
73686
25
17846
69686
93346
34308
98670
85789
39057
84526
73801
5413
46512
27769
78660
148
47041
99579
73684
56858
71479
46585
85777
40110
37864
19763
33085
14672
15468
38954
90273
25571
14566
79184
34784
99124
25699
36023
36858
12422
29298
43251
79979
32622
12316
43403
27736
48740
37765
25362
55118
41137
58754
17368
16021
64229
88141
21677
52308
55507
17769
55118
58546
81526
27764
56388
4949
18984
72517
15586
43083
73252
45505
28036
11569
13812
69241
98180
25621
32696
74848
16686
3235
56014
38039
2813
16263
76655
84045
33597
65209
32829
56734
14549
55769
2690
31484
59511
45672
62241
65822
18163
50522
55601
67496
36526
2997
79149
19475
81706
41362
93649
6654
71408
72199
85123
69902
33006
21031
83044
77011
59457
18410
36986
232
61149
12288
34799
4252
40777
99634
11977
36367
64278
15029
43223
68626
39144
47702
28239
52320
83669
83718
43067
50884
23203
6324
60978
96830
74816
31944
58933
63092
93688
66632
64303
63569
69398
11978
62083
18177
60373
58544
94861
10430
87330
95446
83743
6923
25016
30918
83835
81061
73402
53587
47167
80603
60846
94524
79324
9766
3138
35879
21048
22253
4411
51018
76864
49453
51220
53783
48171
46018
6570
96854
74565
32904
44011
79056
71238
63519
30249
16119
18535
32673
35387
48626
20249
22539
29942
75337
50706
45645
65577
87730
65191
90505
75504
87294
99868
12617
87766
99874
45768
39241
78916
3657
49793
94115
66388
90239
41808
82808
48730
1207
52269
46400
39964
44890
70665
80863
78571
92834
95439
44106
54209
15181
60039
22664
29824
30745
63716
8968
598
81316
45680
91000
51791
12486
26276
81841
59826
30877
21843
75167
842
22326
61689
61950
33083
72990
60414
39143
26173
32351
72702
12163
1037
47055
6041
88639
74039
41114
48429
61344
69912
29032
72533
57789
51227
58716
53420
6853
34937
98739
69044
24291
75935
1366
69013
18813
56358
6970
45918
24389
7223
12100
49808
66019
87978
34333
66736
74144
58650
48575
49413
55475
23182
44609
78899
94314
41793
48692
2152
32557
82464
5785
60441
64770
74400
29523
67962
39245
74571
76293
31365
25170
8776
92496
85421
2298
90991
84836
69061
26217
81546
79700
24537
27255
35989
50630
71263
67929
39622
14492
25811
26581
58342
81415
80235
97375
66119
4888
41331
37862
30573
75361
27958
36787
43521
85070
89548
61589
44031
13133
45354
26569
92179
6928
25185
46997
36375
71848
73848
33752
73700
15655
90846
68954
78231
26678
27833
40411
93122
12374
3210
36595
2067
60588
34651
82211
19173
24468
8697
68825
11096
79442
25507
27535
65351
65724
65418
47655
1335
45307
79275
87454
64738
17291
69435
16244
59112
84910
6927
9441
45987
68082
83636
42772
18567
1915
36499
4290
11900
98461
71254
84200
87629
89946
29536
30847
15563
16431
80605
77246
16576
79320
73574
40908
37182
25962
29115
1
15680
15065
72798
75238
49742
53615
36556
25096
59658
95365
2304
46423
16467
68722
56439
52601
45587
42809
36648
42837
81688
5848
68136
42110
98343
3432
71961
28612
70830
76609
3903
45811
38837
77312
99259
99630
88307
42600
73736
80393
58342
3698
43854
79317
59420
50893
74950
33601
32653
1111
10040
81982
97371
32417
19883
41279
15154
3507
50176
21466
39643
90318
70039
49840
89164
27119
34356
27540
96265
15824
67497
33765
22375
76450
3343
79613
36301
18909
94476
75168
59303
86628
1988
46266
59402
16116
70008
99491
67770
88577
84612
32440
28055
73097
20720
15481
57197
84907
5902
99558
83395
97770
1234
89844
90162
4671
57097
96036
56436
30567
54720
44504
20278
82220
37661
91056
90977
20435
95085
99368
94355
52833
75855
93355
24008
10120
98795
6338
76541
6161
75049
11826
35705
22401
76516
9344
8871
23020
21287
14889
50425
15186
97727
31724
82117
32281
78496
79964
33378
78197
14695
11555
87363
80955
49109
21055
64891
49371
89318
21810
30140
97810
44773
87836
40342
63725
64019
45524
79111
85619
52914
19919
9907
44238
92598
2831
55608
8674
97271
39140
80374
64656
9830
25682
96466
72751
42421
97198
58106
5100
46655
21952
15548
15825
68607
15132
27640
13450
51403
13800
16873
71527
85704
62615
10519
94428
58393
51725
55421
50503
33421
43050
94430
22829
97539
34909
85789
96866
60798
7718
33884
29414
36035
78408
21682
25316
47140
34118
4241
50493
40697
67699
85316
1011
66541
46904
59433
92944
96087
9444
847
1832
46986
28320
58731
48770
47356
98722
3659
5187
49900
90017
29110
31635
20344
87490
25184
36249
99292
66546
34036
35489
30178
99669
75897
50903
27048
29920
58764
7767
58030
89469
42239
27057
78374
57371
60791
82941
12326
28831
56078
81869
59180
45119
97872
15928
17002
123
84173
73675
20298
88065
70678
66868
4281
13446
10518
81467
83421
16134
76793
46484
909
62850
27036
43638
83562
99557
12775
3403
23021
3233
69016
81416
36927
73204
71633
71690
76795
86725
21763
6288
20061
23400
13906
27240
42961
96015
54115
27597
50328
25902
71782
20995
46052
68718
13944
85963
8479
48365
24047
64007
66572
37032
16445
61708
600
69585
83282
35258
15760
22676
54071
66169
54770
72686
16220
35244
13685
67622
81125
2018
28864
31425
72017
36428
66472
89484
43932
15290
95683
95331
28019
71603
46267
89454
6047
26315
28593
17301
99049
29428
87810
14381
69904
51453
3590
10672
38197
10050
2826
83503
57575
42824
58067
9978
72742
3304
26264
93123
4380
91817
98542
14026
36960
75784
41772
87601
33586
72940
2030
37613
70444
77223
22631
53344
40972
28348
24263
56404
36419
15179
83007
29682
77852
72700
58673
53881
58477
78666
63948
78504
13862
74205
44474
97465
66450
997
6360
43024
2506
92066
82574
70614
64572
2386
39856
61877
74981
20478
83606
57717
1013
36241
3920
9827
93606
40762
90038
15916
53470
99411
14057
48828
18830
51871
61261
33618
35066
29755
94418
36989
543
5545
65984
44176
55358
40670
89148
65094
32721
73644
71480
64601
40825
30168
13416
70005
70403
89448
4599
7383
80003
29635
56193
45295
72392
76441
82412
52995
20037
34049
56204
86646
44530
88782
62787
21199
70176
95617
7342
17432
42392
72370
57820
97140
47162
69673
7375
39446
84785
51416
27620
76513
73282
52924
44565
3741
8157
88252
12026
55986
98497
95627
66048
93291
63458
69265
86278
27498
61754
14495
54216
4439
14311
88688
50232
10891
53371
77419
70711
11349
40166
3741
57401
53923
29492
29265
49321
11700
25118
84873
94862
13059
84516
41374
62231
3031
54669
79005
98763
43919
79142
44903
71580
6767
2023
53327
27586
17417
4587
51567
45533
90397
57420
56123
86839
39805
23669
99883
49522
10745
81153
88299
51870
49615
82353
60394
3699
50422
17854
97486
16841
96775
39808
12785
50902
48183
63988
70478
8304
64808
72054
87206
30522
73971
556
18254
26869
59415
79400
21286
77758
85502
76404
98717
59811
11609
27459
85888
27662
24689
55287
42615
40178
91273
26846
10958
82734
98788
51803
31174
80437
80571
30146
36848
47410
5499
294
68824
13346
90446
30668
14387
56999
50253
65579
29498
62421
1314
96373
8795
79419
30175
17541
6935
56816
1386
33961
13938
73582
14936
38205
89603
52192
36776
88407
13408
85901
74627
69104
50727
64736
48250
44108
95589
83109
54777
34869
75543
50759
60377
19910
85373
51277
83762
40084
34124
53889
84365
18861
92340
36970
89186
53040
28046
67446
15958
45152
94757
70383
95445
43680
62577
36590
38963
95119
18294
70108
29012
21309
24630
99711
61926
82974
73063
25311
10281
19981
43321
59722
13658
4288
39804
19500
21073
41023
66909
18709
46467
52882
83175
63176
28034
85377
32140
24843
7318
93252
53461
65345
82997
89511
72135
76901
29672
5584
2409
92310
7209
1895
4208
74830
39808
84669
70393
59913
90630
12194
4814
68366
27156
1222
73449
14987
93702
99163
18183
96699
34850
88957
32369
48827
63086
64345
75203
9725
3269
24064
89704
53839
70391
37143
19344
32064
9206
49383
20434
92672
1847
37679
53914
17834
31808
95647
13788
12343
85856
45120
94768
44753
97197
93303
59052
92073
30396
29346
55722
20678
18456
48668
93517
45504
47570
9896
74620
69836
53727
43771
60199
8612
15520
15853
97793
85567
71820
10123
47773
72311
6976
88714
80697
75961
28729
11688
31891
4784
73427
49358
91004
13713
32933
50152
49312
84809
98606
4042
5009
38738
53086
71179
48004
23737
45665
65458
29414
1227
36558
51125
65275
32054
54008
80879
6747
18599
55943
59925
13375
63983
7262
41285
902
33822
74063
56445
70336
66614
60520
36471
1739
29058
45927
50895
67066
12586
19177
3058
71393
57380
14097
50987
97579
75035
19926
64217
86675
15167
95169
54411
82678
91653
13415
69549
38421
26813
20386
65371
44837
58987
54496
4522
71218
74849
80093
83146
26019
65218
76848
6918
69924
95672
4626
83875
86676
52048
35606
90018
79656
72974
19953
98385
28962
48994
21818
34347
54964
34255
92603
27971
87914
98007
6521
66796
91268
56421
77626
32383
66675
40714
9388
53854
92627
33732
91851
94926
75612
52306
48513
91695
31225
88365
67730
48294
17482
8916
99977
4996
81394
15987
75182
16002
18725
62066
9355
77530
65041
96107
11036
41931
31370
98295
1940
68637
75268
64873
45383
88972
48095
56779
5348
22891
43233
86547
69077
23004
2571
5303
6544
8783
76387
54614
36533
24860
5558
18192
35835
72784
1901
25939
67247
55684
62876
33377
78267
48067
87760
93202
79895
98011
12364
9066
69197
42056
77527
32181
19522
58537
89163
43239
16729
6726
9370
44468
28552
19149
40269
73803
52207
56405
2328
32223
20745
22259
49063
88085
22813
30457
16274
99719
86270
49301
51586
3313
198
50130
69385
31828
91417
65030
20151
3852
2929
9280
90300
24858
30997
18254
35910
42523
16137
47652
43201
25600
15907
60359
67282
76062
22494
3706
60395
69160
28442
9798
87608
77050
70578
51740
87858
7392
88201
39234
47997
50296
51812
17991
44653
35506
79468
32515
22851
763
4836
6265
84922
18785
75037
66318
76081
12160
1801
78641
44991
62136
23706
89280
4334
2514
13281
98055
34164
27497
46759
20667
32072
57705
26031
45463
46893
92653
33476
94952
90979
53129
551
46274
2080
93360
45948
97480
57154
91742
68317
60694
90812
35738
53822
10075
98499
593
32751
54909
39882
63303
45592
93154
39099
61406
61438
45596
18527
59340
67933
2783
59937
82095
97898
19136
61393
9715
50612
91760
44249
35398
69472
30583
75029
95889
71397
68911
81646
5076
42879
67728
46678
19664
70476
24382
2324
14119
98314
50034
95042
45213
33344
62651
50322
84012
10609
49880
76693
85008
77182
27983
74307
47838
23360
25170
70198
62647
80377
27123
97959
74098
90673
23912
90811
80028
65256
3821
19442
99999
96047
84088
94054
29344
55484
16687
93677
51982
14457
63057
60221
75579
85136
23388
95555
63100
87794
62168
81102
55274
93925
33371
11811
45337
68810
3122
56061
91028
80725
45463
35812
39999
40741
88120
899
32524
30677
83872
86527
46302
96363
85594
47657
74016
29038
6927
92935
42705
40694
54723
20410
89866
8990
88862
71044
71600
26999
16138
52863
88149
6003
76995
33745
18338
54938
65490
70171
94730
41567
56946
89307
83922
74121
89718
70787
80123
93902
68191
43492
27188
52869
48444
50195
32855
28491
33280
58279
41030
96206
3547
44261
18781
15426
98152
612
31178
46619
15046
40912
1355
26750
48772
63700
19850
94798
3174
33872
51645
56386
75674
49689
80698
65654
37705
7239
50069
24991
104
97260
3948
74933
72548
42379
90632
72606
40282
25337
93840
46781
34036
56511
73414
33653
44793
54236
57049
38855
7603
4472
27658
72130
71979
40512
15759
44244
96803
61534
80767
68971
33984
94631
93445
30376
87173
43773
86361
37123
75454
44974
67175
99390
80962
94834
74917
36136
17393
6058
30490
65777
24110
20804
1125
52743
36358
76750
19048
93940
52893
70066
90416
87064
76598
89413
1357
6520
87950
39088
84188
69050
66508
19620
55239
93196
5276
7750
15251
57003
21589
21989
77488
24301
55411
9953
68938
94872
22628
83172
62344
40899
65398
23665
85954
32717
8762
58250
24603
51273
43244
69795
32857
26842
93004
4306
98784
51173
45075
93452
23935
6595
16173
45440
56796
64144
37154
38563
88612
35025
2608
6693
29573
18592
26531
40414
13597
34677
54740
26182
65624
80519
85884
15140
75142
80944
70905
59834
24992
24505
8768
92867
23328
52174
51325
30261
73742
55210
90339
64906
46930
48858
34427
29607
50180
82623
55409
73535
46672
80274
36762
65981
47325
40977
93721
48677
9317
3575
45892
20005
69704
55152
20901
59187
58845
99745
98446
18216
67038
69936
21198
70459
61726
94987
43568
77456
44714
67486
92787
88799
91634
11617
39487
49124
19188
20810
21104
65121
15914
70621
96393
86961
34829
44535
11543
80386
56287
73737
8879
43622
89090
17367
89919
32731
16629
22721
50309
3006
86556
44145
51651
94984
24430
57333
77792
67689
10175
13386
61640
36491
44991
39097
23902
93719
54647
80553
50774
55038
99243
68225
16892
40001
26322
29361
1252
68731
72660
24526
302
62071
51938
41166
11355
61624
31312
58766
19455
98425
51347
22635
55473
12078
59275
65124
72393
2746
72044
40934
90069
14302
92611
46468
27097
57689
39888
21377
37499
35760
4259
10713
60598
62866
6117
88005
6094
7621
95803
60857
14968
44865
75815
7708
82400
33086
15657
59640
70835
91070
51508
59751
4292
64813
73255
65323
20027
98287
49036
69481
53782
25626
39236
94123
24793
25361
34872
94655
52355
74163
79736
65287
6903
39776
59243
81375
69559
37101
13181
38394
39980
85205
77200
31788
42802
67832
43832
35768
39689
51502
66063
37112
6341
66859
16976
31846
12575
81412
21293
32030
33570
52321
10952
20534
34253
39327
44224
83824
92136
72911
537
16969
62159
2376
34600
40301
56014
54261
46102
5550
69838
31944
3449
21009
56483
41990
69552
3789
98469
35942
94934
92787
32835
6990
28208
31958
91070
37930
38136
43578
17228
8841
1084
54092
5316
18582
61809
39033
33418
7518
1424
18543
22925
8323
74341
82176
73501
42723
90940
32573
61175
92173
51415
89492
84446
90243
14088
5507
49343
87673
93151
2014
50377
3954
23654
61643
97366
76611
15973
99708
17225
45503
48361
57039
31856
486
74136
2762
32083
68407
23392
84538
4798
12352
48440
7477
32443
870
17604
92431
41054
70296
4454
2589
39385
39670
74211
92309
74975
23200
30351
18413
65980
58483
20180
60288
62193
59860
28540
26849
80928
36050
55007
33164
35283
9266
71687
22060
33176
24220
98084
84433
50510
32935
55706
67626
78407
41433
82063
25286
86264
20114
72403
9025
8905
73559
63426
98426
8523
22534
54766
3860
67557
57026
20688
36986
18675
73391
836
46315
54694
44860
69759
11349
17638
23781
60172
81002
36183
27768
37447
87291
18565
7958
58101
8991
52626
88419
1340
87222
8717
5040
64630
20352
47084
32336
74874
43937
52094
65600
46801
91870
1394
96717
19294
32287
80861
86604
40915
32361
39065
32484
91286
35339
34406
40400
82153
19867
50111
72769
97791
70753
54542
41578
88374
32710
66601
61086
8968
13595
37490
18649
75762
64069
95598
17334
37456
41670
12122
48723
22180
6886
30030
40255
80683
6283
66007
41500
25936
38330
33228
82739
5997
73322
58251
64702
29875
84628
22655
39269
68153
42783
54134
68233
36073
98308
94144
16712
99220
57061
25093
14688
42992
42116
51985
21944
91418
12554
16035
99323
22414
82066
42767
82431
29046
80425
88869
65480
65028
30253
30634
3745
43928
91470
62216
69090
93656
59250
1180
51647
56300
64364
36418
19981
82758
75119
3493
11061
65085
4029
40869
4199
98594
17798
10837
56460
36780
91767
8182
23532
94215
88847
47218
15161
12738
23739
70194
78907
96788
51741
4336
98140
80220
62387
23375
71277
72812
74821
39960
56428
3838
64246
123
92647
26873
81664
21015
26535
15881
42131
38571
24983
17904
10252
80282
87509
94535
27141
89916
20923
75171
45665
16231
68180
7820
850
3992
91106
58224
61840
47048
11124
62424
79028
14471
34660
89179
71954
21124
54316
51802
91444
41396
51591
28884
95969
33167
52100
18411
8015
70430
41844
33996
40164
91414
89417
15741
34156
9296
42149
40874
58919
29810
98168
61820
90871
30823
65124
13420
45601
9620
58235
76714
17730
67105
98363
25477
50173
90555
90687
14525
93830
34751
77108
45749
44159
38332
32436
79376
91565
66985
41983
3823
73929
45683
60753
82410
16608
20520
33735
49418
76988
47962
40048
35859
36851
24083
36744
69744
16481
70001
19213
72986
51751
87259
60207
70019
24483
36669
58991
80133
34579
28361
33204
20108
56667
23514
38826
92080
68477
31027
15766
60868
78781
76283
82794
8291
97642
32548
63843
42668
45324
6729
72010
14185
97762
15788
73993
66812
36240
54188
4438
21085
70262
20786
65290
87835
36132
53565
49971
16214
46860
81025
52893
10452
1548
62443
19702
6155
84450
84445
43489
78588
51711
83771
53101
70064
40603
24650
19203
24818
40844
89313
18651
48906
65330
35730
33509
70760
43732
47781
99043
54855
15178
77763
44058
62283
2194
76153
58281
82977
46835
70779
41751
42417
19444
3297
55672
2125
87467
16683
1564
15178
85326
63797
11960
76451
33878
78738
61383
3099
46374
20486
39766
57653
77709
44625
26656
70873
3200
68831
39230
42760
28120
22842
85845
80507
33815
29899
87382
15358
22264
17522
43266
90583
26069
3613
48081
94852
37175
78050
8058
8792
37625
89855
89648
71615
52482
98253
59584
45101
6007
3653
43042
16302
75948
92938
76491
24086
12498
79531
43224
78925
67063
290
62405
59836
67086
49401
9632
91515
4866
68019
96506
98353
16248
94561
348
59447
52433
92394
86688
56630
16605
75274
74180
62802
61975
1192
86852
95623
23102
1197
5719
46382
73454
51698
51909
63993
43711
87534
9540
43474
90621
44989
26812
95668
3670
29688
6204
31874
97627
69205
42619
32675
74321
88773
54580
70049
47119
76887
31443
68450
19653
27845
88206
76642
12193
76793
42568
26891
44196
45367
44323
53317
22459
1686
13332
5677
29695
43545
5454
16591
23354
57088
74637
26389
93104
94649
42190
80650
75547
38799
83049
51558
28839
4189
697
55005
80582
29338
40055
89338
7576
77002
23575
6183
95953
99567
28481
38478
65729
44612
26964
66298
84156
58327
90179
94390
91112
22161
39916
8895
73782
66452
97779
85143
35841
65908
29202
3654
22440
16331
67023
97155
21326
93919
30893
28521
32613
84412
66776
75048
96521
15482
26402
82299
37316
21015
85796
97674
61468
10644
8703
5456
30462
74114
14997
99914
21740
41934
27741
7499
53447
75868
66200
38079
3897
3074
44479
2318
62519
73932
17209
64675
42895
72249
83018
10023
51222
93637
65082
41990
31230
31975
20618
40825
68958
40468
97360
41484
70502
77192
36192
38033
62637
81022
17175
22740
35900
62181
35136
93802
30159
69230
19612
78998
89569
98981
43248
79095
44642
47180
52325
97717
18401
68453
52953
46792
99768
78756
81578
99088
12426
62014
73833
30692
6080
37557
72080
79050
98714
46485
56793
17444
37393
35309
14810
6048
82438
41380
95
46007
50687
25790
8558
19655
33243
3352
36388
70413
24843
5384
1740
13597
37134
13254
67203
50894
16409
16986
28247
64468
26386
28803
57361
96418
4248
11305
97730
52854
1842
83696
41393
45271
85085
58547
60952
93613
49580
50637
89282
87820
62244
97443
54225
7450
24763
41194
92156
86868
50184
51032
21464
3665
50651
41370
93364
73965
67412
29642
29658
92540
76264
30532
93425
27090
67703
72828
23261
87575
84266
5418
76881
35100
15068
99425
28121
90262
33707
75580
83302
39809
52968
57624
16910
98958
83686
60108
62689
33080
75756
82663
93294
23052
7962
19217
67166
73271
22078
94734
30650
30806
86758
66101
50256
63987
96018
31913
15236
93252
72137
83632
33896
5191
56068
35351
45275
85468
57736
30606
58205
3758
59772
15504
9627
69722
88274
57709
21992
64272
20601
36657
9938
50437
92397
71738
51538
53214
99276
49299
28540
3569
98285
85695
92864
11334
52800
25002
85072
51847
98357
3493
64119
1061
8697
62526
21018
2910
64042
1972
33391
17721
53446
69844
12913
76579
37118
83323
49203
21345
56486
65861
63064
95218
74936
82494
87944
36657
76578
4535
4710
20904
16727
81175
27405
87345
90790
94872
26215
10053
85796
85393
76826
70069
70028
58445
48818
97946
55899
28192
21126
59426
55520
16620
90132
30981
53489
92493
4164
68215
91319
66083
15065
88447
73553
36509
15491
9727
22473
33337
48467
12079
66784
37909
12353
71439
49482
10016
19441
69986
94342
58288
76036
51553
45098
17994
78468
3374
98661
91359
64540
47851
95760
22404
1069
5219
68336
87595
93052
6500
27100
26596
18570
22119
94558
42288
5916
99704
59702
41061
2959
33536
54192
17051
36235
3890
44890
85308
24859
33087
283
35469
37811
86987
68650
69119
76487
57773
7141
49238
98396
38345
13324
72630
57584
28532
18927
15311
39184
50177
44865
92643
56496
68184
88802
39803
77997
76645
10650
90640
7549
8017
55790
65280
74726
95759
53125
84808
8888
47381
97477
10110
4634
29875
49465
92575
80933
92926
32119
76658
52496
42471
20231
1109
13737
18784
46931
58989
90043
7361
98933
48180
91962
90430
69029
70470
69973
31417
6799
72339
770
62685
26607
91817
59558
94856
20022
45573
5170
71626
23959
39324
65780
91627
63055
7370
15214
26159
20187
75255
20692
76352
88759
86829
2940
5156
91644
35636
46374
668
93678
84936
47204
88582
15661
57249
61283
15535
83875
25882
96136
78606
63346
19784
52313
21287
33333
40644
1772
92127
79581
80828
77448
4473
33985
42702
87168
52179
23903
64798
15750
26489
65856
41800
60854
33629
24862
5215
97648
2916
85188
39053
97164
93259
62858
14402
71528
85922
31047
6748
38193
45722
52895
97636
1447
55191
50329
21071
73780
75155
91099
92545
66935
72488
21333
2429
99790
54195
74536
78277
46575
62312
92937
10005
33658
17781
54589
61375
53190
4868
71094
80097
27877
5387
35527
35409
75975
55272
7199
9178
28442
2184
13600
29934
6168
18153
37849
25520
37905
61368
52434
64683
11713
4853
89574
63345
78042
49680
99368
94229
731
68868
17939
2555
49080
90169
41516
32965
29417
56067
84756
3771
53822
75104
75275
44184
74642
32382
3033
62725
74689
20944
34580
56400
7454
89192
94571
69343
95644
3816
60749
41064
58066
21480
41703
96965
12544
68370
60909
22530
63435
24780
64595
36246
98235
24713
93418
31422
98843
25984
9213
90821
83760
96598
90520
53747
77431
61823
537
71993
21146
61682
16241
25087
17632
14440
26058
4271
65128
55365
17370
74276
1787
1885
35636
60711
13663
42488
37159
68343
73339
87576
60376
9664
27187
72310
39513
42823
22350
2158
29527
26377
81380
8531
32413
43957
89607
4378
19222
87926
98724
8442
64182
21375
10359
31623
59045
4961
94114
95544
25075
17651
9225
79821
72191
50198
8235
34966
27629
86970
4337
68023
22952
12805
56898
21412
42667
58222
7710
29289
94073
73763
25841
55532
46425
7364
77712
62464
46698
96666
42010
67730
3194
21090
66968
913
90380
96428
91284
12275
54569
70051
71
48632
87170
18145
30549
14349
14256
10176
83376
78616
48540
51487
70236
1359
69240
95364
46661
20648
12749
82873
78912
94803
4374
69390
83072
45340
59187
13740
31688
61344
40320
92234
5601
22894
19288
48486
22790
31877
93434
43370
70121
25875
19842
69056
63655
41829
45317
63606
44442
60416
51810
60154
77060
30885
53207
97188
41397
47165
20307
75365
33241
33612
50731
99201
46897
26688
12731
4773
81586
4175
54432
54589
69276
45569
83960
43337
2076
4674
97469
77827
49634
59239
44128
57344
30908
89374
13707
20444
6443
79404
61355
87770
41807
9363
92813
83683
1104
80821
32548
11490
65589
64008
93911
44061
43324
17059
18728
72904
31042
60406
45894
7630
29734
92833
91377
79163
34887
39463
77521
9875
97033
94790
6626
52579
91709
27476
53572
20915
89779
88678
78746
54482
33319
39432
32517
9914
97680
2111
1436
82271
22262
91044
85452
13140
25838
23732
52605
84486
3582
40649
53581
36825
5622
14303
1857
41158
38673
80436
56425
71521
40577
68359
32512
92165
38635
66299
41744
81828
15977
30193
70633
37625
17421
87071
93102
70144
85948
9725
24851
93802
32861
78517
59281
72313
36206
60468
60412
34949
43020
76402
2825
18566
56841
49121
77292
41613
66998
47237
99811
71822
50224
28874
55156
5018
88505
88316
64386
72031
42903
70933
26301
99819
22319
95801
69219
78900
35205
19082
82237
52815
11444
73222
30994
36382
61742
33087
10272
12069
45491
63175
40380
83033
24816
58899
18119
83986
73657
58254
51903
23950
48326
64137
41983
74812
35603
36469
4500
32561
29814
60874
6799
8651
51177
74037
97494
97875
62183
28903
71249
61094
82750
4611
53700
51532
94591
93949
37132
57024
44339
5750
79162
46417
97942
56686
89911
56835
69973
29551
92940
16557
85880
6103
20682
84978
63358
40408
14491
95693
10531
46254
45040
6707
80033
8357
8899
8759
51916
17257
91151
50558
59177
47011
69208
37453
68929
29770
87499
58520
3281
64212
80113
76508
16462
7470
15214
34145
58591
31639
26008
58324
815
21638
88930
39926
14838
69143
26330
38029
93350
41064
49599
772
10769
42527
65949
13380
60862
45193
86748
99583
38761
74881
75192
87855
82054
18896
57837
43277
91704
31436
46299
14189
25569
13804
32023
91163
30007
68574
96840
81787
37017
52213
4751
99482
52319
36992
6603
29514
53742
91258
18489
53265
12727
30639
65452
56974
95205
53667
4290
93816
1491
41615
3327
49428
91284
59925
2786
95249
61491
42347
15147
26997
28618
80628
47272
26582
78505
80696
89944
35269
28373
15396
84888
30895
31720
59522
73671
22524
38744
30135
95363
97562
8219
50885
33578
11208
76902
41019
11183
80147
27209
778
22724
95363
13656
80652
48274
89025
56232
49029
78033
72040
49120
67016
60021
58695
25246
90482
47566
45917
48175
66220
65417
11834
86727
99573
28552
28408
74586
26800
22834
43771
44774
48632
76298
18565
37745
21778
89182
47744
36633
47698
26563
6466
26650
49810
98846
12399
33832
39986
95468
23909
60739
97552
13458
77084
35286
30156
26369
47258
334
72482
98281
22333
26551
53619
35880
37290
6927
37411
61297
68274
73605
90442
10435
16450
66335
39454
52944
8120
47937
17037
88686
4209
38860
68098
41520
26242
20161
27356
18433
52966
45823
53652
91856
20237
98545
19233
26141
83266
75743
60762
40825
22654
33650
43829
71185
32474
45418
43811
44364
65752
77386
12152
58786
57850
11380
33322
25955
11306
17325
53186
46480
9738
22567
80977
32435
54143
48667
100000
89628
59391
81850
19600
76944
69408
66591
47842
87884
13961
56231
96883
48643
84039
95820
28783
96161
84067
9011
71747
85555
52874
33761
71428
20382
62559
71378
11058
33119
16847
70847
82524
55807
10946
84335
31650
93666
63245
8945
97076
81120
40862
19733
41518
88894
95013
84486
10098
93473
98790
68165
58891
34813
93446
69796
24501
10837
89084
25901
60674
85803
92052
32105
54684
84202
72703
94081
17615
14421
81619
63039
86932
45651
73140
25299
77800
60008
6548
65158
44555
82496
7269
84532
7433
8532
93951
61722
6661
45679
12542
74185
38578
30675
93797
51943
34031
56817
9388
17247
767
65907
40356
34432
39639
38670
81626
1856
93333
87585
51247
64105
89374
43821
15577
44596
92320
33739
36613
16559
73742
27962
60409
84724
12401
41107
32406
76565
2338
75525
36505
28544
38970
8896
92821
58675
75369
28854
33699
15674
44948
16800
22049
37216
1875
40371
30690
41999
59437
90928
82602
50369
47149
21981
31474
93540
18086
39073
62584
3790
87426
93635
54433
46120
36676
19686
8181
92902
76163
39436
54242
55529
44065
95604
28297
15324
68986
41427
49756
55416
82621
33208
43145
42876
90204
22862
51384
37919
71462
89953
28048
12662
74863
34831
52096
45347
47917
73415
33888
36617
68148
89111
69145
56831
47554
99961
2247
80280
88041
60409
14250
12701
73852
76534
12833
87121
97314
31946
57720
98530
85866
99862
82708
68513
19910
70022
76431
96525
91827
83369
34048
82410
61010
31230
79888
19880
55952
40520
75571
35466
99214
15877
81608
63373
68398
31373
46301
96592
77272
28112
52208
75052
54400
77962
12818
8394
77962
56919
88635
74736
77614
47629
8276
25378
35654
3272
18787
88915
29445
37442
34736
26202
39370
8800
32696
66124
74988
3854
41061
9091
77424
59939
964
1340
97990
75134
37502
32210
29910
46355
22986
53021
88088
86666
48296
11635
62605
55630
904
47987
96169
90906
8832
9994
23280
64883
24042
15365
61634
19623
83125
41516
9185
94717
64332
56675
39002
55672
52156
94724
76133
3307
99593
84059
46863
58387
2975
48623
84411
72588
74550
8020
91618
75783
65339
2146
39751
34200
64354
86833
9595
71374
79462
52584
3211
89198
5259
68732
82540
59346
36894
14267
88681
95046
52469
19384
75332
80567
29228
93763
67035
3794
98159
81617
29701
19471
98817
37174
46323
56059
53100
30586
52616
80556
89888
49230
56764
96979
94322
34056
39977
31691
27765
84057
3521
37199
56390
13826
16198
52332
36541
55144
89895
77064
26627
44001
12055
69995
64405
46382
40431
74470
86824
81605
71461
24505
17346
77169
69944
88211
46851
20195
81847
95853
59313
66069
14442
45132
86277
88449
74780
83734
96925
45555
40136
90627
86224
40166
12261
15254
20241
18952
31541
63224
75221
67096
37110
90888
73232
91448
37021
49264
84362
64700
84361
46810
29290
42793
24632
71774
33213
24794
16754
10147
19879
18247
99732
88558
39892
12436
27144
64055
83834
26960
30967
31208
67628
203
6964
43998
57025
42338
33440
40906
73098
57728
7947
14886
19824
53152
61142
5808
92209
85105
75356
37457
33161
50964
89004
34130
682
59603
47423
75069
44679
11620
30392
23693
85856
73036
93591
7384
94263
31644
